"Date,""Pinterest"",""Twitter"",""Facebook"",""YouTube"",""Instagram"",""VKontakte"",""Tumblr"",""reddit"",""LinkedIn"",""Fark"",""news.ycombinator.com"",""Other"""
2020-05,48.47,4.57,18.07,22.67,2.77,2.43,0.55,0.37,0.1,0,0.01,0
2020-06,45.61,8.27,16.7,23.01,3.05,1.92,0.88,0.37,0.19,0,0,0
2020-07,44.95,4.81,17.66,26.15,3.4,2.05,0.41,0.33,0.22,0,0.01,0.01
2020-08,50.98,5.01,11.1,26.24,3.51,2.23,0.24,0.28,0.39,0,0.01,0.01
2020-09,55.51,4,14.93,19.66,2.65,2.03,0.51,0.39,0.29,0,0.02,0
2020-10,43.14,4.76,21.74,22.9,3.6,3,0.32,0.4,0.1,0,0.02,0
2020-11,31.47,5.31,27.27,22.91,6.9,3.45,0.66,0.86,0.8,0.32,0.06,0
2020-12,34.38,6.27,34.37,16.16,4.92,3.17,0.12,0.39,0.2,0,0.01,0
2021-01,21.44,23.93,32.37,15.2,3.65,2.81,0.15,0.31,0.14,0,0,0
2021-02,19.63,24.38,32.17,14.82,5.24,2.96,0.12,0.46,0.19,0,0.01,0.01
2021-03,9.04,65.2,13.53,7.43,2.97,1.47,0.11,0.17,0.09,0,0,0
2021-04,8.14,58.69,14.71,9.47,6.8,1.33,0.5,0.22,0.13,0,0.01,0
2021-05,15.07,27.36,22.84,17.28,13.06,2.02,1.51,0.56,0.31,0,0.01,0
